SM:2020-04-12T03:53:30.9757997Z
LM:2020-04-12T03:53:31.0091110Z
CT:image/jpeg
MA:2592000
