SM:2020-04-12T03:53:30.9757997Z
LM:2020-04-12T04:20:24.7774740Z
CT:image/jpeg
MA:2592000
