SM:2020-04-12T03:05:22.8926115Z
LM:2020-04-12T03:05:23.1428790Z
CT:image/jpeg
MA:2592000
